
#include <IRremote.h>

IRsend irsend;
//FUNKCNI PREPINANI TV/AV VSTUPU
unsigned int  rawData[99] = {3450,1750, 450,400, 450,1300, 450,400, 450,400, 450,450, 450,400, 450,400, 450,450, 400,450, 450,400, 450,400, 450,450, 400,450, 450,1300, 400,450, 450,400, 450,450, 400,450, 450,400, 450,400, 450,450, 400,450, 450,400, 450,1300, 450,400, 450,400, 450,450, 450,400, 450,400, 450,450, 400,450, 450,400, 450,1300, 400,450, 450,1300, 400,450, 450,400, 450,400, 450,450, 450,400, 450,1300, 450,400, 450,1250, 450,450, 450,400, 450,400, 450,450, 450,1250, 450};

//POWER BUTTON VYPNE

unsigned int  rawData2[99] = {3450,1750, 400,450, 450,1300, 400,450, 450,400, 450,450, 400,450, 450,400, 450,400, 450,450, 400,450, 450,400, 450,450, 400,450, 450,1250, 450,450, 450,400, 450,400, 450,450, 400,450, 450,400, 450,400, 450,450, 450,400, 450,1300, 400,450, 450,400, 450,400, 450,450, 450,400, 450,400, 450,450, 400,450, 450,1300, 400,450, 450,1250, 450,1300, 450,1300, 400,1300, 450,400, 450,450, 450,1250, 450,450, 400,1300, 450,1300, 450,1250, 450,1300, 450,400, 450,1300, 450};
// power button zapina i vypina
unsigned int  rawData3[99] = {3450,1750, 450,400, 450,1300, 450,400, 450,400, 450,450, 400,450, 450,400, 450,400, 450,450, 450,400, 450,400, 450,450, 450,400, 450,1300, 400,450, 450,400, 450,400, 450,450, 400,450, 450,400, 450,450, 450,400, 450,400, 450,1300, 400,450, 450,400, 450,450, 400,450, 450,400, 450,400, 450,450, 450,400, 450,1300, 400,450, 450,1250, 450,1300, 450,1300, 450,1250, 450,400, 450,450, 450,1250, 450,450, 400,1300, 450,1300, 450,1250, 450,1300, 450,400, 450,1300, 450};  // UNKNOWN F61E2A57



const int button1 = 4;
const int button2 = 5;

//delay musi byt 50, jeste vyzkouset , jestli nejde nastavit vetši.



void setup()
{
  pinMode(button1, INPUT);
  pinMode(button2, INPUT);

}

void loop() {

  

	//for (int i = 0; i < 3; i++) {
		//irsend.sendRaw(rawData,99,37);
  // irsend.sendRaw(rawData2,99,37);
		
	//	irsend.sendRaw(rawData3,99,37);
		
		//delay(40);
	//}
	//delay(50); //5 second delay between each signal burst



 if (digitalRead(button1) == HIGH)
  {
  //2 vteriny zapinaci tlacitko
    delay(40);
    irsend.sendRaw(rawData3,99,37);
  }
  if (digitalRead(button2) == HIGH)
  {
    //1 vterina tlacitko prepinani vstupu
    delay(50);
    irsend.sendRaw(rawData,99,37);
  }


 
}
